Casal2
Call: C:/Users/arnau/Documents/CASAL2_NIWAFisheries/CASAL2/BuildSystem/Casal2/casal2 -e -o estimate.log 
Date: Thu Sep 21 14:45:50 2023
Seed: 64348
Version: v23.09 (2023-09-16)
Copyright (c) 2017-2023, NIWA (www.niwa.co.nz)
Environment: User=arnau Machine=ARNAUD OS=Windows_NT PID=3096


*initialisation_partition[Equilibrium_state]
values {dataframe_with_row_labels}
category 1 2 3 4 5 6 7 8 9 10 11 12 13 14 15 16 17 18 19 20 21 22 23 24 25 26 27 28 29 30
HAK4 0.000000 2281167.282796 1867661.807340 1529112.158019 1251931.148675 1024994.532157 839194.545213 687074.381982 562528.926180 460559.731360 377074.415694 308722.420327 252760.539687 206942.827006 169430.456599 138717.925325 113572.631467 92985.406090 76130.011553 62329.981691 51031.472849 41781.036196 34207.419230 28006.666107 22929.918833 18773.429714 15370.384248 12584.206270 10303.076676 46535.448619
*end

*estimate_value[summary]
values {dataframe}
process[Recruitment].b0 selectivity[chatTANSel].highedge selectivity[chatTANSel].lowedge selectivity[eastFSel].mu selectivity[eastFSel].sigma_l selectivity[eastFSel].sigma_r selectivity[westFSel].mu selectivity[westFSel].sigma_l selectivity[westFSel].sigma_r process[Recruitment].recruitment_multipliers{1976} process[Recruitment].recruitment_multipliers{1977} process[Recruitment].recruitment_multipliers{1978} process[Recruitment].recruitment_multipliers{1979} process[Recruitment].recruitment_multipliers{1980} process[Recruitment].recruitment_multipliers{1981} process[Recruitment].recruitment_multipliers{1982} process[Recruitment].recruitment_multipliers{1983} process[Recruitment].recruitment_multipliers{1984} process[Recruitment].recruitment_multipliers{1985} process[Recruitment].recruitment_multipliers{1986} process[Recruitment].recruitment_multipliers{1987} process[Recruitment].recruitment_multipliers{1988} process[Recruitment].recruitment_multipliers{1989} process[Recruitment].recruitment_multipliers{1990} process[Recruitment].recruitment_multipliers{1991} process[Recruitment].recruitment_multipliers{1992} process[Recruitment].recruitment_multipliers{1993} process[Recruitment].recruitment_multipliers{1994} process[Recruitment].recruitment_multipliers{1995} process[Recruitment].recruitment_multipliers{1996} process[Recruitment].recruitment_multipliers{1997} process[Recruitment].recruitment_multipliers{1998} process[Recruitment].recruitment_multipliers{1999} process[Recruitment].recruitment_multipliers{2000} process[Recruitment].recruitment_multipliers{2001} process[Recruitment].recruitment_multipliers{2002} process[Recruitment].recruitment_multipliers{2003} process[Recruitment].recruitment_multipliers{2004} process[Recruitment].recruitment_multipliers{2005} process[Recruitment].recruitment_multipliers{2006} process[Recruitment].recruitment_multipliers{2007} process[Recruitment].recruitment_multipliers{2008} process[Recruitment].recruitment_multipliers{2009} process[Recruitment].recruitment_multipliers{2010} process[Recruitment].recruitment_multipliers{2011} process[Recruitment].recruitment_multipliers{2012} 
28026.4 18 1 12.4029 4.04508 138.192 7.14014 3.39972 16.8322 0.988242 0.988557 0.998042 1.01392 1.03288 1.04862 1.05347 1.05047 1.04631 0.71668 0.624382 0.77061 0.568215 0.798647 0.691178 1.05738 1.55559 1.15831 0.99683 0.900317 0.738479 0.47774 0.45574 0.324581 0.502451 0.31336 0.482698 1.361 0.760539 0.650616 0.262869 0.464534 0.37094 0.312052 0.320099 0.498207 0.505574 
*end

*objective_function[objective]
values {vector}
observation->chatTANbiomass->1992 -1.35689
observation->chatTANbiomass->1993 -1.0843
observation->chatTANbiomass->1994 -1.49792
observation->chatTANbiomass->1995 -1.09798
observation->chatTANbiomass->1996 -1.39418
observation->chatTANbiomass->1997 -1.24454
observation->chatTANbiomass->1998 -1.13577
observation->chatTANbiomass->1999 -1.41473
observation->chatTANbiomass->2000 -1.47746
observation->chatTANbiomass->2001 -1.34285
observation->chatTANbiomass->2002 -1.33905
observation->chatTANbiomass->2003 1.7523
observation->chatTANbiomass->2004 -1.32496
observation->chatTANbiomass->2005 -1.2576
observation->chatTANbiomass->2006 -1.24511
observation->chatTANbiomass->2007 -0.515896
observation->chatTANbiomass->2008 -1.3931
observation->chatTANbiomass->2009 1.0971
observation->chatTANbiomass->2010 -0.948136
observation->chatTANbiomass->2011 -0.823904
observation->chatTANbiomass->2012 -1.32059
observation->chatTANage->1990 19.5533
observation->chatTANage->1992 22.8722
observation->chatTANage->1993 21.4673
observation->chatTANage->1994 20.6965
observation->chatTANage->1995 17.5241
observation->chatTANage->1996 14.589
observation->chatTANage->1997 16.0785
observation->chatTANage->1998 13.9877
observation->chatTANage->1999 15.2608
observation->chatTANage->2000 20.6151
observation->chatTANage->2001 16.1338
observation->chatTANage->2002 16.53
observation->chatTANage->2003 10.5996
observation->chatTANage->2004 14.9911
observation->chatTANage->2005 13.4877
observation->chatTANage->2006 13.4275
observation->chatTANage->2007 13.7096
observation->chatTANage->2008 12.9892
observation->chatTANage->2009 15.657
observation->chatTANage->2010 12.1362
observation->chatTANage->2011 12.282
observation->chatTANage->2012 11.8083
observation->chatOBSwst->1992 17.1549
observation->chatOBSwst->1994 9.26702
observation->chatOBSwst->1995 9.95552
observation->chatOBSwst->1996 8.29792
observation->chatOBSwst->1997 7.02523
observation->chatOBSwst->1998 21.8258
observation->chatOBSwst->1999 16.4758
observation->chatOBSwst->2000 17.6887
observation->chatOBSwst->2001 16.7274
observation->chatOBSwst->2002 14.0012
observation->chatOBSwst->2003 11.7109
observation->chatOBSwst->2004 14.0052
observation->chatOBSwst->2005 17.0239
observation->chatOBSwst->2006 7.53987
observation->chatOBSwst->2008 10.6853
observation->chatOBSwst->2009 8.90948
observation->chatOBSwst->2010 9.38184
observation->chatOBSwst->2011 9.18568
observation->chatOBSest->1992 15.8203
observation->chatOBSest->1995 16.8123
observation->chatOBSest->1997 15.313
observation->chatOBSest->1998 17.333
observation->chatOBSest->2001 21.8091
observation->chatOBSest->2004 20.6169
observation->chatOBSest->2007 21.9516
penalty->CatchMustBeTaken1 0
prior->B0->process[Recruitment].b0 10.2409
prior->TANSel_decreasing->selectivity[chatTANSel].highedge 0
prior->TANSel_decreasing->selectivity[chatTANSel].lowedge 0
prior->eastFSel_mu->selectivity[eastFSel].mu 0
prior->eastFSel_sl->selectivity[eastFSel].sigma_l 0
prior->eastFSel_sr->selectivity[eastFSel].sigma_r 0
prior->westFSel_mu->selectivity[westFSel].mu 0
prior->westFSel_sl->selectivity[westFSel].sigma_l 0
prior->westFSel_sr->selectivity[westFSel].sigma_r 0
prior->YCS->process[Recruitment].recruitment_multipliers{1976} 0.0814701
prior->YCS->process[Recruitment].recruitment_multipliers{1977} 0.0819448
prior->YCS->process[Recruitment].recruitment_multipliers{1978} 0.0961864
prior->YCS->process[Recruitment].recruitment_multipliers{1979} 0.119982
prior->YCS->process[Recruitment].recruitment_multipliers{1980} 0.148314
prior->YCS->process[Recruitment].recruitment_multipliers{1981} 0.171765
prior->YCS->process[Recruitment].recruitment_multipliers{1982} 0.178975
prior->YCS->process[Recruitment].recruitment_multipliers{1983} 0.174514
prior->YCS->process[Recruitment].recruitment_multipliers{1984} 0.16832
prior->YCS->process[Recruitment].recruitment_multipliers{1985} -0.330593
prior->YCS->process[Recruitment].recruitment_multipliers{1986} -0.467494
prior->YCS->process[Recruitment].recruitment_multipliers{1987} -0.248924
prior->YCS->process[Recruitment].recruitment_multipliers{1988} -0.547298
prior->YCS->process[Recruitment].recruitment_multipliers{1989} -0.206256
prior->YCS->process[Recruitment].recruitment_multipliers{1990} -0.368893
prior->YCS->process[Recruitment].recruitment_multipliers{1991} 0.184779
prior->YCS->process[Recruitment].recruitment_multipliers{1992} 0.885006
prior->YCS->process[Recruitment].recruitment_multipliers{1993} 0.333178
prior->YCS->process[Recruitment].recruitment_multipliers{1994} 0.0943684
prior->YCS->process[Recruitment].recruitment_multipliers{1995} -0.0514356
prior->YCS->process[Recruitment].recruitment_multipliers{1996} -0.29767
prior->YCS->process[Recruitment].recruitment_multipliers{1997} -0.664857
prior->YCS->process[Recruitment].recruitment_multipliers{1998} -0.690257
prior->YCS->process[Recruitment].recruitment_multipliers{1999} -0.790388
prior->YCS->process[Recruitment].recruitment_multipliers{2000} -0.634584
prior->YCS->process[Recruitment].recruitment_multipliers{2001} -0.792459
prior->YCS->process[Recruitment].recruitment_multipliers{2002} -0.65892
prior->YCS->process[Recruitment].recruitment_multipliers{2003} 0.621354
prior->YCS->process[Recruitment].recruitment_multipliers{2004} -0.264225
prior->YCS->process[Recruitment].recruitment_multipliers{2005} -0.429135
prior->YCS->process[Recruitment].recruitment_multipliers{2006} -0.779439
prior->YCS->process[Recruitment].recruitment_multipliers{2007} -0.680298
prior->YCS->process[Recruitment].recruitment_multipliers{2008} -0.76833
prior->YCS->process[Recruitment].recruitment_multipliers{2009} -0.792601
prior->YCS->process[Recruitment].recruitment_multipliers{2010} -0.791393
prior->YCS->process[Recruitment].recruitment_multipliers{2011} -0.639901
prior->YCS->process[Recruitment].recruitment_multipliers{2012} -0.630644
additional_prior->YCS_average_1 5.78511
additional_prior->smooth_YCS 0.109765
additional_prior->chatTANq -1.14986
total_score 688.349
*end

*hessian_matrix[Hessian]
hessian_matrix {matrix}
1.19641e-06 0.0488703 5.3065 0.000455685 -0.000784647 5.54651e-08 0.000474653 -0.000419785 2.94828e-05 -0.000532559 -0.000358236 -0.000465607 -0.00063506 -9.35512e-05 -0.000230042 0.000383543 0.000310439 0.000180036 0.000732574 0.000917543 0.00114235 0.00141474 0.00146519 0.00141592 0.00136757 0.00127179 0.00130254 0.000854368 0.000793508 0.000150199 2.55967e-05 -0.00064046 -0.000746448 -0.000963673 -0.00109949 -0.00165132 -0.00168754 -0.00177901 -0.00194466 -0.00174241 -0.00190277 -0.00160561 -0.00124321 -0.00130726 -3.20897e-05 2.37784e-05 
0.0488703 1.66783e+08 -2.96208e+07 198.699 -85.6658 -0.0113012 -19.5934 11.7115 1.79775 956.239 -1718.34 897.439 723.104 412.866 335.521 -309.494 -874.591 476.453 19.7647 16.2064 85.4429 -146.177 -66.6594 -85.4711 -154.75 -283.253 -190.587 54.3409 136.41 53.0298 -300.707 -809.581 -405.052 -441.804 -220.386 449.193 294.614 166.524 -36.2466 -36.239 -10.4459 -204.466 -37.036 20.8043 -16.8351 -28.4908 
5.3065 -2.96208e+07 3.61179e+10 -8346.45 13618.1 -0.498832 1533.83 -4282.16 -219.558 -48158.5 71485.4 -25827.3 -26147.1 -24384.5 -25505 22773.5 40867.3 -21121.6 -5275.15 -1186.08 10899.9 13650.3 8707.1 10789.4 9782.63 19663 2617.67 3383.4 -8471.31 -6149.87 3842.48 14866.5 30147.2 10891.9 2274.04 -13883.4 -11829.9 -18586.9 1847.54 -12415.5 -4827.69 -14711.2 -18254.2 -11519.9 1202.67 -4614.91 
0.000455685 198.699 -8346.45 10.1452 -17.2549 0.000204789 0.493615 -0.395149 0.012251 -1.39956 -1.01414 -1.25955 -0.512154 -0.306307 -1.67744 0.158449 -0.846598 -0.0623543 -0.455125 -0.288906 -0.232294 0.252541 0.567837 0.920142 1.06842 2.03437 1.94206 1.75662 1.17034 0.953268 0.517441 -0.13011 -0.520368 -0.941085 -1.35267 -1.42143 -1.57954 -1.3203 -0.517209 -0.197039 -0.57767 -0.510718 -0.379906 -0.6209 0.0110853 0.0542169 
-0.000784647 -85.6658 13618.1 -17.2549 31.9526 -0.000253928 -0.825843 0.66654 -0.0183508 1.99518 2.10085 2.25532 0.872425 0.174081 3.28508 -1.17889 1.42984 0.188313 0.740684 0.606709 0.723555 -0.214291 -0.800787 -1.15914 -1.16601 -3.0511 -3.30249 -3.09638 -2.65532 -2.26706 -1.70193 -0.273708 -0.155807 0.987717 2.33847 2.51513 3.18976 2.9396 1.148 0.173737 1.19493 0.950221 0.443147 1.08589 0.0213833 -0.0999114 
5.54651e-08 -0.0113012 -0.498832 0.000204789 -0.000253928 2.36131e-08 3.05381e-05 -2.59253e-05 1.59484e-06 -3.97476e-05 -6.90521e-05 -1.20894e-05 -2.11552e-05 -1.28032e-05 3.53414e-06 -4.07923e-05 -7.71797e-06 5.09759e-05 4.13509e-05 5.58214e-05 7.71706e-05 8.28021e-05 8.36876e-05 8.64388e-05 7.54336e-05 6.51771e-05 4.81453e-05 2.93336e-05 3.84223e-06 -1.32364e-05 -2.93107e-05 -4.39485e-05 -5.72932e-05 -5.96745e-05 -5.58546e-05 -6.25608e-05 -6.35773e-05 -6.26033e-05 -5.49453e-05 -6.01829e-05 -6.33948e-05 -6.39797e-05 -6.45648e-05 -5.91149e-05 6.82385e-07 8.71235e-07 
0.000474653 -19.5934 1533.83 0.493615 -0.825843 3.05381e-05 9.33908 -9.75582 0.132652 2.63853 -0.242687 -0.108513 -0.771453 -0.258395 -0.971026 1.4706 -1.47221 2.12009 0.831406 0.741873 0.694065 0.733553 0.355783 0.727661 1.02307 1.1174 1.99713 0.320479 0.435973 -1.41141 -1.55799 -2.62455 -2.26367 -0.898038 -0.871926 -0.764634 0.310402 -0.481785 -1.44192 -3.01196 -2.68036 -1.46549 -1.55928 -0.729472 -0.0133478 -0.00419047 
-0.000419785 11.7115 -4282.16 -0.395149 0.66654 -2.59253e-05 -9.75582 11.1833 -0.0943684 -2.9555 0.149798 0.195933 0.958119 0.378757 1.30337 -1.69764 1.64905 -1.9529 -0.708891 -0.69559 -0.767367 -0.835457 -0.21426 -0.333861 -0.86956 -0.795598 -2.18141 -0.597149 -0.899236 1.17505 1.03165 2.43816 2.36672 0.934152 0.953567 0.98808 -0.488323 0.0705395 1.0171 3.30588 2.86163 1.55738 1.81366 0.698936 0.0297073 -0.00440989 
2.94828e-05 1.79775 -219.558 0.012251 -0.0183508 1.59484e-06 0.132652 -0.0943684 0.0158423 0.0318345 -0.0237368 0.0329726 -0.00023475 0.0263167 0.0356092 -0.00062464 0.0110615 0.0367205 0.0315738 0.0310072 0.0276733 0.0293567 0.0351442 0.0116457 0.0142078 0.0138925 0.0136582 -0.00434647 0.00693603 -0.019206 0.00166109 -0.0246423 -0.0236386 -0.0294371 -0.00485658 -0.0416557 -0.0425522 -0.0407481 -0.0689789 -0.0307808 -0.0741555 -0.0712669 -0.0383035 -0.02704 -0.000610854 -0.00219103 
-0.000532559 956.239 -48158.5 -1.39956 1.99518 -3.97476e-05 2.63853 -2.9555 0.0318345 472.044 -210.074 7.52435 -15.2252 -6.24883 -12.79 21.4855 5.97855 -3.40685 3.4973 0.614297 1.05793 -2.31911 0.346304 -0.668051 -1.5848 -2.24112 -0.445189 -0.444491 0.235717 0.53908 -0.709006 -3.21979 -4.19718 -2.27738 -4.30789 1.09032 0.281336 1.69473 -1.50067 1.838 1.71279 3.85004 2.80011 1.59657 0.339114 0.853739 
-0.000358236 -1718.34 71485.4 -1.01414 2.10085 -6.90521e-05 -0.242687 0.149798 -0.0237368 -210.074 380.829 -211.985 38.1399 -0.657521 -1.67319 -22.7853 0.173702 13.0183 -1.27918 -0.377013 -1.16313 0.510191 -0.152086 0.255482 0.682119 1.87842 1.03659 -0.534031 -2.01828 -3.38641 -1.77206 -1.07722 1.14258 -1.20584 2.32066 0.0835418 -2.0872 -1.66902 1.91471 1.76779 -0.530996 -1.29782 -1.9043 -0.237706 -0.0155329 -0.665618 
-0.000465607 897.439 -25827.3 -1.25955 2.25532 -1.20894e-05 -0.108513 0.195933 0.0329726 7.52435 -211.985 449.828 -250.152 15.0088 -1.94479 12.8602 8.60615 -11.3321 0.914176 -0.0265189 -0.432656 -1.71167 -0.739994 -1.15631 -0.542903 -2.34195 -1.43493 -2.86767 -2.34095 -1.77048 -0.810089 -0.312275 -3.06975 -0.794836 -4.07707 -0.36296 0.483045 1.99018 0.135581 0.680655 1.2988 1.93977 1.8202 1.92996 -0.0605432 0.28909 
-0.00063506 723.104 -26147.1 -0.512154 0.872425 -2.11552e-05 -0.771453 0.958119 -0.00023475 -15.2252 38.1399 -250.152 448.477 -224.493 27.1164 -6.50044 -14.7986 19.2842 -0.0104808 0.767982 -0.298229 -0.476806 -1.59998 -1.84911 -2.03032 -2.801 -2.81507 -2.80852 -2.2695 -1.03342 -1.87924 -1.39589 -0.850352 0.618092 -1.0987 -0.573071 2.18201 0.679495 0.283239 -1.08161 0.564477 0.553722 1.02251 0.3986 0.240657 0.399051 
-9.35512e-05 412.866 -24384.5 -0.306307 0.174081 -1.28032e-05 -0.258395 0.378757 0.0263167 -6.24883 -0.657521 15.0088 -224.493 420.52 -193.529 7.68611 2.52653 -8.53563 -0.429462 1.45002 -0.2532 0.208998 -0.0948134 -1.10898 0.230616 0.0790836 -0.174536 -1.87343 -2.08956 -1.98061 -3.40601 -4.74226 -0.541728 -1.59522 0.533203 -0.212093 1.17646 -0.0867661 0.0198263 1.65116 -0.524816 -0.340164 0.307013 -0.036432 0.19527 0.452329 
-0.000230042 335.521 -25505 -1.67744 3.28508 3.53414e-06 -0.971026 1.30337 0.0356092 -12.79 -1.67319 -1.94479 27.1164 -193.529 351.861 -171.518 18.4386 -11.2 0.770339 -1.92995 -0.0813146 0.331978 -1.5114 -2.38084 -2.96602 -3.13698 -3.47091 -3.77819 -1.49831 -3.73234 0.916015 3.99193 -2.59966 -0.780987 0.604954 -3.55376 -1.98846 0.462504 0.755311 2.45712 1.31088 0.425777 2.3881 3.08006 -0.112562 0.0602067 
0.000383543 -309.494 22773.5 0.158449 -1.17889 -4.07923e-05 1.4706 -1.69764 -0.00062464 21.4855 -22.7853 12.8602 -6.50044 7.68611 -171.518 365.44 -205.072 28.5466 0.351624 3.44004 1.33524 1.39053 0.732048 0.981443 0.909889 1.36206 0.870215 -1.81247 -2.76204 -3.26433 -5.4269 -8.22201 -1.36787 -3.93804 0.136949 -1.25731 -0.128039 -2.14835 -0.673047 -0.349151 -1.82178 -1.5811 -1.88359 -1.8105 0.429664 0.271186 
0.000310439 -874.591 40867.3 -0.846598 1.42984 -7.71797e-06 -1.47221 1.64905 0.0110615 5.97855 0.173702 8.60615 -14.7986 2.52653 18.4386 -205.072 389.936 -199.429 2.25038 -2.58469 -1.31472 -1.15173 -1.87902 -3.15249 -3.38567 -1.95192 -2.78294 -1.17501 -2.18815 -3.489 0.431423 1.81622 0.275763 1.36717 0.300792 -1.31012 -4.08352 -1.3828 0.895508 1.86231 -0.777982 -0.236102 0.651105 -0.0485802 -0.558815 -0.885282 
0.000180036 476.453 -21121.6 -0.0623543 0.188313 5.09759e-05 2.12009 -1.9529 0.0367205 -3.40685 13.0183 -11.3321 19.2842 -8.53563 -11.2 28.5466 -199.429 212.993 6.7882 4.53456 0.852238 -1.02479 -0.281875 -0.689152 0.316424 -0.938917 -0.112156 -1.86939 -1.71876 -1.01739 -4.50824 -5.43139 -3.79823 -2.527 -4.75724 -0.417472 1.57903 -0.237102 -1.44035 -1.68921 -0.66021 0.0314166 -0.246784 -0.201176 0.764244 1.12127 
0.000732574 19.7647 -5275.15 -0.455125 0.740684 4.13509e-05 0.831406 -0.708891 0.0315738 3.4973 -1.27918 0.914176 -0.0104808 -0.429462 0.770339 0.351624 2.25038 6.7882 13.8866 8.38624 3.31696 -0.0875152 0.100337 -0.624584 -0.201565 -1.57883 -0.628522 -2.45765 -2.42619 -3.2566 -3.98924 -3.27997 -3.19558 -2.62049 -2.92221 -2.65086 -2.25671 -1.65435 -1.1976 -1.53138 -1.00607 -0.827657 -0.80073 -0.681722 -0.0348552 0.0460652 
0.000917543 16.2064 -1186.08 -0.288906 0.606709 5.58214e-05 0.741873 -0.69559 0.0310072 0.614297 -0.377013 -0.0265189 0.767982 1.45002 -1.92995 3.44004 -2.58469 4.53456 8.38624 19.4496 9.95258 2.94514 0.0932694 -0.00766713 -0.548514 -2.0875 -0.756533 -2.3796 -2.39088 -3.12408 -4.4905 -2.40747 -3.3408 -2.5057 -3.3251 -3.32104 -2.66096 -1.91412 -1.60752 -2.50049 -0.960802 -1.25217 -1.21165 -0.784083 0.0600712 0.0737276 
0.00114235 85.4429 10899.9 -0.232294 0.723555 7.71706e-05 0.694065 -0.767367 0.0276733 1.05793 -1.16313 -0.432656 -0.298229 -0.2532 -0.0813146 1.33524 -1.31472 0.852238 3.31696 9.95258 22.5438 11.7294 2.41854 0.829072 -0.285518 -1.19406 -0.858791 -1.97387 -2.75644 -2.96023 -4.54633 -3.17258 -3.22489 -2.99426 -3.08998 -2.74281 -2.37678 -1.85075 -2.33019 -1.61562 -1.34418 -1.82928 -1.28552 -0.950462 0.293041 0.302251 
0.00141474 -146.177 13650.3 0.252541 -0.214291 8.28021e-05 0.733553 -0.835457 0.0293567 -2.31911 0.510191 -1.71167 -0.476806 0.208998 0.331978 1.39053 -1.15173 -1.02479 -0.0875152 2.94514 11.7294 30.7593 11.8457 1.79314 1.02788 -0.728707 -1.14014 -2.34078 -2.84954 -3.79869 -3.26705 -3.7491 -4.95424 -3.3493 -2.95255 -3.6869 -2.42894 -2.56396 -3.19258 -0.78311 -1.93017 -2.07791 -1.18342 -1.33087 0.0398985 0.1759 
0.00146519 -66.6594 8707.1 0.567837 -0.800787 8.36876e-05 0.355783 -0.21426 0.0351442 0.346304 -0.152086 -0.739994 -1.59998 -0.0948134 -1.5114 0.732048 -1.87902 -0.281875 0.100337 0.0932694 2.41854 11.8457 26.5886 12.1929 3.02701 -0.21973 -2.25702 -2.90457 -2.38976 -4.06212 -2.49573 -4.33165 -3.78299 -3.89178 -2.32114 -2.71671 -3.06356 -2.70709 -3.10937 -1.48688 -2.33866 -1.8362 -1.18411 -1.47785 0.0681321 0.0444514 
0.00141592 -85.4711 10789.4 0.920142 -1.15914 8.64388e-05 0.727661 -0.333861 0.0116457 -0.668051 0.255482 -1.15631 -1.84911 -1.10898 -2.38084 0.981443 -3.15249 -0.689152 -0.624584 -0.00766713 0.829072 1.79314 12.1929 30.5614 10.7231 1.48805 -0.995795 -2.75485 -3.37701 -3.53958 -4.08767 -4.82633 -5.79106 -3.07438 -3.30236 -4.1817 -2.67314 -2.43288 -2.20106 -4.37429 -2.08567 -1.37744 -1.82957 -1.7167 0.251561 0.260471 
0.00136757 -154.75 9782.63 1.06842 -1.16601 7.54336e-05 1.02307 -0.86956 0.0142078 -1.5848 0.682119 -0.542903 -2.03032 0.230616 -2.96602 0.909889 -3.38567 0.316424 -0.201565 -0.548514 -0.285518 1.02788 3.02701 10.7231 20.0142 6.85454 -0.480173 -2.74211 -4.32826 -3.38382 -3.82436 -3.72651 -4.64136 -3.34654 -2.23197 -3.94967 -2.79013 -2.46858 -1.96618 -2.36142 -2.02126 -0.97267 -1.08216 -1.85169 0.0467671 -0.0471154 
0.00127179 -283.253 19663 2.03437 -3.0511 6.51771e-05 1.1174 -0.795598 0.0138925 -2.24112 1.87842 -2.34195 -2.801 0.0790836 -3.13698 1.36206 -1.95192 -0.938917 -1.57883 -2.0875 -1.19406 -0.728707 -0.21973 1.48805 6.85454 17.7348 6.2501 -0.971033 -3.75322 -4.15987 -3.44977 -3.13343 -3.09784 -3.73494 -2.98305 -2.88824 -3.05174 -3.05303 -2.14651 -1.81787 -1.52015 -1.63027 -1.07874 -1.7747 0.129808 0.201451 
0.00130254 -190.587 2617.67 1.94206 -3.30249 4.81453e-05 1.99713 -2.18141 0.0136582 -0.445189 1.03659 -1.43493 -2.81507 -0.174536 -3.47091 0.870215 -2.78294 -0.112156 -0.628522 -0.756533 -0.858791 -1.14014 -2.25702 -0.995795 -0.480173 6.2501 22.6492 8.25481 -0.199904 -4.43792 -3.66795 -4.44138 -5.27489 -3.41411 -3.80686 -3.9363 -2.59553 -1.94645 -2.72792 -2.90057 -1.55419 -1.45475 -1.75797 -1.84989 0.141199 0.0428601 
0.000854368 54.3409 3383.4 1.75662 -3.09638 2.93336e-05 0.320479 -0.597149 -0.00434647 -0.444491 -0.534031 -2.86767 -2.80852 -1.87343 -3.77819 -1.81247 -1.17501 -1.86939 -2.45765 -2.3796 -1.97387 -2.34078 -2.90457 -2.75485 -2.74211 -0.971033 8.25481 30.5576 10.7778 -0.878461 -3.67629 -3.85716 -2.92317 -2.02056 -0.664431 -2.53463 -2.28236 -2.3322 -1.68132 -3.08444 -1.65647 -1.03689 -0.462486 -1.13192 0.0807375 0.252059 
0.000793508 136.41 -8471.31 1.17034 -2.65532 3.84223e-06 0.435973 -0.899236 0.00693603 0.235717 -2.01828 -2.34095 -2.2695 -2.08956 -1.49831 -2.76204 -2.18815 -1.71876 -2.42619 -2.39088 -2.75644 -2.84954 -2.38976 -3.37701 -4.32826 -3.75322 -0.199904 10.7778 40.1511 13.2599 -0.0372583 -3.11858 -3.87742 -2.72509 -1.11371 -2.05459 -1.53498 -2.28343 -2.70492 -1.3519 -2.0673 -1.2804 -0.798916 -0.815825 0.148195 0.150134 
0.000150199 53.0298 -6149.87 0.953268 -2.26706 -1.32364e-05 -1.41141 1.17505 -0.019206 0.53908 -3.38641 -1.77048 -1.03342 -1.98061 -3.73234 -3.26433 -3.489 -1.01739 -3.2566 -3.12408 -2.96023 -3.79869 -4.06212 -3.53958 -3.38382 -4.15987 -4.43792 -0.878461 13.2599 54.7285 19.744 1.25023 -2.12906 -1.30538 -2.10118 -2.13582 -1.81553 -1.3424 -1.07832 -1.53814 -0.453971 -0.822407 -0.382211 -0.110912 0.175165 0.26001 
2.55967e-05 -300.707 3842.48 0.517441 -1.70193 -2.93107e-05 -1.55799 1.03165 0.00166109 -0.709006 -1.77206 -0.810089 -1.87924 -3.40601 0.916015 -5.4269 0.431423 -4.50824 -3.98924 -4.4905 -4.54633 -3.26705 -2.49573 -4.08767 -3.82436 -3.44977 -3.66795 -3.67629 -0.0372583 19.744 76.9754 22.3006 3.98428 -1.51434 -0.520575 -1.39007 -1.46828 -0.201711 -1.03891 0.384905 -1.20496 -1.53933 -0.18348 0.0596178 0.198677 0.165696 
-0.00064046 -809.581 14866.5 -0.13011 -0.273708 -4.39485e-05 -2.62455 2.43816 -0.0246423 -3.21979 -1.07722 -0.312275 -1.39589 -4.74226 3.99193 -8.22201 1.81622 -5.43139 -3.27997 -2.40747 -3.17258 -3.7491 -4.33165 -4.82633 -3.72651 -3.13343 -4.44138 -3.85716 -3.11858 1.25023 22.3006 85.8903 29.7472 4.85153 -0.84834 -0.530385 -1.15896 -1.51138 -0.0886821 -0.880054 0.863258 0.566488 -0.162914 0.85887 0.257267 0.109207 
-0.000746448 -405.052 30147.2 -0.520368 -0.155807 -5.72932e-05 -2.26367 2.36672 -0.0236386 -4.19718 1.14258 -3.06975 -0.850352 -0.541728 -2.59966 -1.36787 0.275763 -3.79823 -3.19558 -3.3408 -3.22489 -4.95424 -3.78299 -5.79106 -4.64136 -3.09784 -5.27489 -2.92317 -3.87742 -2.12906 3.98428 29.7472 97.1138 26.6996 3.08078 -1.65682 -0.501017 0.0472776 -0.927176 1.53143 0.61965 -0.199572 0.495072 0.495654 0.283985 0.179177 
-0.000963673 -441.804 10891.9 -0.941085 0.987717 -5.96745e-05 -0.898038 0.934152 -0.0294371 -2.27738 -1.20584 -0.794836 0.618092 -1.59522 -0.780987 -3.93804 1.36717 -2.527 -2.62049 -2.5057 -2.99426 -3.3493 -3.89178 -3.07438 -3.34654 -3.73494 -3.41411 -2.02056 -2.72509 -1.30538 -1.51434 4.85153 26.6996 66.222 20.7288 3.07467 -0.833777 -0.765675 -0.397719 -2.83117 0.205824 -0.0983392 -0.507469 1.21208 0.298987 0.0969313 
-0.00109949 -220.386 2274.04 -1.35267 2.33847 -5.58546e-05 -0.871926 0.953567 -0.00485658 -4.30789 2.32066 -4.07707 -1.0987 0.533203 0.604954 0.136949 0.300792 -4.75724 -2.92221 -3.3251 -3.08998 -2.95255 -2.32114 -3.30236 -2.23197 -2.98305 -3.80686 -0.664431 -1.11371 -2.10118 -0.520575 -0.84834 3.08078 20.7288 77.374 19.8205 0.127608 -0.0319787 -1.02783 -1.45398 0.240236 0.842975 0.236619 1.20292 0.338946 0.0884511 
-0.00165132 449.193 -13883.4 -1.42143 2.51513 -6.25608e-05 -0.764634 0.98808 -0.0416557 1.09032 0.0835418 -0.36296 -0.573071 -0.212093 -3.55376 -1.25731 -1.31012 -0.417472 -2.65086 -3.32104 -2.74281 -3.6869 -2.71671 -4.1817 -3.94967 -2.88824 -3.9363 -2.53463 -2.05459 -2.13582 -1.39007 -0.530385 -1.65682 3.07467 19.8205 49.8211 7.32456 0.00669309 -0.571188 -0.489306 1.16837 1.16708 1.42308 1.1703 0.184025 0.117749 
-0.00168754 294.614 -11829.9 -1.57954 3.18976 -6.35773e-05 0.310402 -0.488323 -0.0425522 0.281336 -2.0872 0.483045 2.18201 1.17646 -1.98846 -0.128039 -4.08352 1.57903 -2.25671 -2.66096 -2.37678 -2.42894 -3.06356 -2.67314 -2.79013 -3.05174 -2.59553 -2.28236 -1.53498 -1.81553 -1.46828 -1.15896 -0.501017 -0.833777 0.127608 7.32456 19.259 5.16767 -0.685761 -1.63806 0.422151 0.111602 0.717749 1.66273 0.203146 0.147318 
-0.00177901 166.524 -18586.9 -1.3203 2.9396 -6.26033e-05 -0.481785 0.0705395 -0.0407481 1.69473 -1.66902 1.99018 0.679495 -0.0867661 0.462504 -2.14835 -1.3828 -0.237102 -1.65435 -1.91412 -1.85075 -2.56396 -2.70709 -2.43288 -2.46858 -3.05303 -1.94645 -2.3322 -2.28343 -1.3424 -0.201711 -1.51138 0.0472776 -0.765675 -0.0319787 0.00669309 5.16767 25.1727 6.27957 -1.09131 -0.498635 0.283482 1.16676 1.88626 0.261367 0.11028 
-0.00194466 -36.2466 1847.54 -0.517209 1.148 -5.49453e-05 -1.44192 1.0171 -0.0689789 -1.50067 1.91471 0.135581 0.283239 0.0198263 0.755311 -0.673047 0.895508 -1.44035 -1.1976 -1.60752 -2.33019 -3.19258 -3.10937 -2.20106 -1.96618 -2.14651 -2.72792 -1.68132 -2.70492 -1.07832 -1.03891 -0.0886821 -0.927176 -0.397719 -1.02783 -0.571188 -0.685761 6.27957 32.1603 10.4072 1.36167 -0.00997073 0.113492 1.69515 0.192356 0.138074 
-0.00174241 -36.239 -12415.5 -0.197039 0.173737 -6.01829e-05 -3.01196 3.30588 -0.0307808 1.838 1.76779 0.680655 -1.08161 1.65116 2.45712 -0.349151 1.86231 -1.68921 -1.53138 -2.50049 -1.61562 -0.78311 -1.48688 -4.37429 -2.36142 -1.81787 -2.90057 -3.08444 -1.3519 -1.53814 0.384905 -0.880054 1.53143 -2.83117 -1.45398 -0.489306 -1.63806 -1.09131 10.4072 74.4685 4.69736 -1.11023 2.58096 1.43648 0.310889 0.0187178 
-0.00190277 -10.4459 -4827.69 -0.57767 1.19493 -6.33948e-05 -2.68036 2.86163 -0.0741555 1.71279 -0.530996 1.2988 0.564477 -0.524816 1.31088 -1.82178 -0.777982 -0.66021 -1.00607 -0.960802 -1.34418 -1.93017 -2.33866 -2.08567 -2.02126 -1.52015 -1.55419 -1.65647 -2.0673 -0.453971 -1.20496 0.863258 0.61965 0.205824 0.240236 1.16837 0.422151 -0.498635 1.36167 4.69736 36.7896 4.41601 0.160061 2.25158 0.177205 0.135732 
-0.00160561 -204.466 -14711.2 -0.510718 0.950221 -6.39797e-05 -1.46549 1.55738 -0.0712669 3.85004 -1.29782 1.93977 0.553722 -0.340164 0.425777 -1.5811 -0.236102 0.0314166 -0.827657 -1.25217 -1.82928 -2.07791 -1.8362 -1.37744 -0.97267 -1.63027 -1.45475 -1.03689 -1.2804 -0.822407 -1.53933 0.566488 -0.199572 -0.0983392 0.842975 1.16708 0.111602 0.283482 -0.00997073 -1.11023 4.41601 33.137 2.84013 1.50511 0.0869778 -0.0686926 
-0.00124321 -37.036 -18254.2 -0.379906 0.443147 -6.45648e-05 -1.55928 1.81366 -0.0383035 2.80011 -1.9043 1.8202 1.02251 0.307013 2.3881 -1.88359 0.651105 -0.246784 -0.80073 -1.21165 -1.28552 -1.18342 -1.18411 -1.82957 -1.08216 -1.07874 -1.75797 -0.462486 -0.798916 -0.382211 -0.18348 -0.162914 0.495072 -0.507469 0.236619 1.42308 0.717749 1.16676 0.113492 2.58096 0.160061 2.84013 29.8594 1.80375 0.368543 0.0290746 
-0.00130726 20.8043 -11519.9 -0.6209 1.08589 -5.91149e-05 -0.729472 0.698936 -0.02704 1.59657 -0.237706 1.92996 0.3986 -0.036432 3.08006 -1.8105 -0.0485802 -0.201176 -0.681722 -0.784083 -0.950462 -1.33087 -1.47785 -1.7167 -1.85169 -1.7747 -1.84989 -1.13192 -0.815825 -0.110912 0.0596178 0.85887 0.495654 1.21208 1.20292 1.1703 1.66273 1.88626 1.69515 1.43648 2.25158 1.50511 1.80375 15.8678 0.154847 0.0993864 
-3.20897e-05 -16.8351 1202.67 0.0110853 0.0213833 6.82385e-07 -0.0133478 0.0297073 -0.000610854 0.339114 -0.0155329 -0.0605432 0.240657 0.19527 -0.112562 0.429664 -0.558815 0.764244 -0.0348552 0.0600712 0.293041 0.0398985 0.0681321 0.251561 0.0467671 0.129808 0.141199 0.0807375 0.148195 0.175165 0.198677 0.257267 0.283985 0.298987 0.338946 0.184025 0.203146 0.261367 0.192356 0.310889 0.177205 0.0869778 0.368543 0.154847 3.04089 0.170903 
2.37784e-05 -28.4908 -4614.91 0.0542169 -0.0999114 8.71235e-07 -0.00419047 -0.00440989 -0.00219103 0.853739 -0.665618 0.28909 0.399051 0.452329 0.0602067 0.271186 -0.885282 1.12127 0.0460652 0.0737276 0.302251 0.1759 0.0444514 0.260471 -0.0471154 0.201451 0.0428601 0.252059 0.150134 0.26001 0.165696 0.109207 0.179177 0.0969313 0.0884511 0.117749 0.147318 0.11028 0.138074 0.0187178 0.135732 -0.0686926 0.0290746 0.0993864 0.170903 2.76477 
*end

*catchability[__chatTANq__]
q: 0.224068
*end

*derived_quantity[SSB]
SSB {list}
type: biomass
initialisation_phase[1]: 28026.4 
values {vector}
1975 27946.6
1976 27663.4
1977 26917.1
1978 26475.6
1979 26467.7
1980 26357.7
1981 26373.8
1982 26630.3
1983 27275.7
1984 28111.3
1985 28873.1
1986 29622.4
1987 30325.1
1988 30766.1
1989 30752.9
1990 30153.9
1991 29194.6
1992 27741.3
1993 25582
1994 23096.7
1995 20948.8
1996 19531.4
1997 18902.8
1998 18935.3
1999 18125.4
2000 16507.2
2001 15125.6
2002 14026.2
2003 13347.5
2004 12040.5
2005 9791
2006 8763.07
2007 9447.85
2008 10254.5
2009 10794.8
2010 11242.5
2011 11670.1
2012 11469.5
{end_list}
*end

*observation[chatTANbiomass]
observation_type: biomass
likelihood: lognormal
error_value_multiplier: 1
likelihood_multiplier: 1
categories: HAK4
Values {dataframe}
year category age length observed expected residual error_value process_error adjusted_error neglogLike pearsons_residuals normalised_residuals
1992 HAK4 0 0 4180 4003.06 176.943 0.15 0.2 0.25 -1.35689 0.176808 0.298778
1993 HAK4 0 0 2950 3686.97 -736.968 0.17 0.2 0.262488 -1.0843 -0.7615 -0.734846
1994 HAK4 0 0 3353 3319.33 33.6745 0.1 0.2 0.223607 -1.49792 0.0453698 0.15614
1995 HAK4 0 0 3303 2997.76 305.239 0.23 0.2 0.304795 -1.09798 0.334068 0.474357
1996 HAK4 0 0 2457 2726.9 -269.905 0.13 0.2 0.238537 -1.39418 -0.414939 -0.325431
1997 HAK4 0 0 2811 2575.17 235.827 0.17 0.2 0.262488 -1.24454 0.348881 0.468521
1998 HAK4 0 0 2873 2522.82 350.181 0.18 0.2 0.269072 -1.13577 0.515867 0.623825
1999 HAK4 0 0 2302 2191.17 110.825 0.12 0.2 0.233238 -1.41473 0.216851 0.329456
2000 HAK4 0 0 2091 1996.75 94.2483 0.09 0.2 0.219317 -1.47746 0.215217 0.32116
2001 HAK4 0 0 1589 1818.85 -229.85 0.13 0.2 0.238537 -1.34285 -0.529775 -0.456671
2002 HAK4 0 0 1567 1762.11 -195.109 0.15 0.2 0.25 -1.33905 -0.442898 -0.353488
2003 HAK4 0 0 888 1722.36 -834.358 0.16 0.2 0.256125 1.7523 -1.89137 -2.50214
2004 HAK4 0 0 1547 1502.46 44.5357 0.17 0.2 0.262488 -1.32496 0.112926 0.242229
2005 HAK4 0 0 1048 1200.43 -152.43 0.18 0.2 0.269072 -1.2576 -0.471915 -0.381439
2006 HAK4 0 0 1384 1305.92 78.0769 0.19 0.2 0.275862 -1.24511 0.216727 0.349824
2007 HAK4 0 0 1824 1363.09 460.913 0.12 0.2 0.233238 -0.515896 1.44976 1.38065
2008 HAK4 0 0 1257 1396.16 -139.164 0.13 0.2 0.238537 -1.3931 -0.417863 -0.328723
2009 HAK4 0 0 2419 1359.31 1059.69 0.21 0.2 0.29 1.0971 2.68819 2.17039
2010 HAK4 0 0 1700 1454.1 245.902 0.25 0.2 0.320156 -0.948136 0.528209 0.656359
2011 HAK4 0 0 1099 1476.03 -377.031 0.15 0.2 0.25 -0.823904 -1.02174 -1.07482
2012 HAK4 0 0 1292 1470.45 -178.447 0.15 0.2 0.25 -1.32059 -0.485423 -0.402334
*end

*observation[chatTANage]
observation_type: proportions_at_age
likelihood: multinomial
error_value_multiplier: 1
likelihood_multiplier: 1
categories: HAK4
Values {dataframe}
year category age length observed expected residual error_value process_error adjusted_error neglogLike pearsons_residuals
1990 HAK4 3 0 0.1235 0.0442929 0.0792071 25 0 25 11.5263 1.92488
1990 HAK4 4 0 0.1068 0.0680696 0.0387304 25 0 25 8.56809 0.768871
1990 HAK4 5 0 0.0935 0.0624192 0.0310808 25 0 25 7.5101 0.64239
1990 HAK4 6 0 0.0939 0.0744449 0.0194551 25 0 25 7.13474 0.370582
1990 HAK4 7 0 0.1065 0.0934154 0.0130846 25 0 25 7.69651 0.22481
1990 HAK4 8 0 0.0845 0.0925149 -0.00801487 25 0 25 5.82799 -0.138306
1990 HAK4 9 0 0.0544 0.08503 -0.03063 25 0 25 3.54322 -0.54907
1990 HAK4 10 0 0.1283 0.076201 0.052099 25 0 25 10.3157 0.981815
1990 HAK4 11 0 0.0489 0.0669237 -0.0180237 25 0 25 3.41523 -0.360633
1990 HAK4 12 0 0.043 0.0580529 -0.0150529 25 0 25 3.09338 -0.321859
1990 HAK4 13 0 0.0162 0.0499748 -0.0337748 25 0 25 1.09357 -0.775032
1990 HAK4 14 0 0.0401 0.0424033 -0.00230326 25 0 25 3.16949 -0.0571508
1990 HAK4 15 0 0.0162 0.0348899 -0.0186899 25 0 25 1.23909 -0.509259
1990 HAK4 16 0 0.0274 0.0278464 -0.00044644 25 0 25 2.35417 -0.0135669
1990 HAK4 17 0 0.0035 0.0222996 -0.0187996 25 0 25 0.288316 -0.6366
1990 HAK4 18 0 0.0025 0.0182708 -0.0157708 25 0 25 0.217196 -0.588775
1990 HAK4 19 0 0.0107 0.0829505 -0.0722505 25 0 25 0.563874 -1.3098
1992 HAK4 3 0 0.024 0.0573695 -0.0333695 37 0 37 2.49491 -0.87285
1992 HAK4 4 0 0.0471 0.0752061 -0.0281061 37 0 37 4.97852 -0.648265
1992 HAK4 5 0 0.0446 0.0630951 -0.0184951 37 0 37 4.95539 -0.462713
1992 HAK4 6 0 0.0708 0.0746188 -0.00381878 37 0 37 8.13406 -0.0883977
1992 HAK4 7 0 0.0778 0.0667366 0.0110634 37 0 37 9.43376 0.269652
1992 HAK4 8 0 0.1039 0.0718454 0.0320546 37 0 37 13.0692 0.755059
1992 HAK4 9 0 0.0671 0.0818291 -0.0147291 37 0 37 7.39644 -0.32686
1992 HAK4 10 0 0.1212 0.0789466 0.0422534 37 0 37 15.3185 0.953132
1992 HAK4 11 0 0.087 0.0700392 0.0169608 37 0 37 10.6319 0.404246
1992 HAK4 12 0 0.1111 0.0610699 0.0500301 37 0 37 14.8386 1.27087
1992 HAK4 13 0 0.0791 0.0526391 0.0264609 37 0 37 10.3175 0.720764
1992 HAK4 14 0 0.0438 0.0450282 -0.00122818 37 0 37 5.3976 -0.0360268
1992 HAK4 15 0 0.0412 0.0382653 0.00293473 37 0 37 5.27643 0.0930547
1992 HAK4 16 0 0.0244 0.0320499 -0.00764995 37 0 37 3.06806 -0.264192
1992 HAK4 17 0 0.029 0.0260878 0.00291219 37 0 37 3.94502 0.111133
1992 HAK4 18 0 0.0121 0.0205667 -0.0084667 37 0 37 1.61751 -0.362865
1992 HAK4 19 0 0.0158 0.0846066 -0.0688066 37 0 37 1.32938 -1.50392
1993 HAK4 3 0 0.0999 0.0887911 0.0111089 31 0 31 9.41384 0.217449
1993 HAK4 4 0 0.0576 0.0721861 -0.0145861 31 0 31 5.19811 -0.313808
1993 HAK4 5 0 0.0828 0.0813487 0.00145128 31 0 31 7.71552 0.0295585
1993 HAK4 6 0 0.0412 0.0669579 -0.0257579 31 0 31 3.59381 -0.573772
1993 HAK4 7 0 0.0582 0.0720187 -0.0138187 31 0 31 5.26678 -0.297616
1993 HAK4 8 0 0.0646 0.0638635 0.000736463 31 0 31 6.20471 0.0167701
1993 HAK4 9 0 0.0401 0.0652108 -0.0251108 31 0 31 3.51476 -0.566271
1993 HAK4 10 0 0.0571 0.0709282 -0.0138282 31 0 31 5.1756 -0.299924
1993 HAK4 11 0 0.0587 0.0673511 -0.00865114 31 0 31 5.4426 -0.192186
1993 HAK4 12 0 0.0842 0.0589851 0.0252149 31 0 31 8.71262 0.595893
1993 HAK4 13 0 0.1388 0.0509308 0.0878692 31 0 31 16.4547 2.22525
1993 HAK4 14 0 0.041 0.0436259 -0.00262591 31 0 31 4.11792 -0.0715773
1993 HAK4 15 0 0.0636 0.0371274 0.0264726 31 0 31 7.16037 0.779555
1993 HAK4 16 0 0.0432 0.0313648 0.0118352 31 0 31 4.81453 0.378056
1993 HAK4 17 0 0.032 0.0260597 0.00594027 31 0 31 3.61482 0.207604
1993 HAK4 18 0 0.0111 0.0209951 -0.00989515 31 0 31 1.21487 -0.384283
1993 HAK4 19 0 0.026 0.082255 -0.056255 31 0 31 1.94397 -1.13999
1994 HAK4 3 0 0.2247 0.132859 0.0918406 34 0 34 25.2619 1.57773
1994 HAK4 4 0 0.0891 0.105767 -0.0166666 34 0 34 8.63442 -0.315999
1994 HAK4 5 0 0.0852 0.0787436 0.0064564 34 0 34 9.02604 0.139776
1994 HAK4 6 0 0.0787 0.079625 -0.000924954 34 0 34 8.17084 -0.0199229
1994 HAK4 7 0 0.045 0.0645456 -0.0195456 34 0 34 4.49878 -0.463815
1994 HAK4 8 0 0.0532 0.0633895 -0.0101895 34 0 34 5.51361 -0.243839
1994 HAK4 9 0 0.0265 0.0550853 -0.0285853 34 0 34 2.57326 -0.730581
1994 HAK4 10 0 0.0352 0.0531505 -0.0179505 34 0 34 3.60737 -0.466575
1994 HAK4 11 0 0.0376 0.0552347 -0.0176347 34 0 34 3.84381 -0.450131
1994 HAK4 12 0 0.0507 0.0517013 -0.00100129 34 0 34 5.56028 -0.0263678
1994 HAK4 13 0 0.0209 0.0449439 -0.0240439 34 0 34 2.11097 -0.676698
1994 HAK4 14 0 0.0497 0.0385351 0.0111649 34 0 34 5.92902 0.338222
1994 HAK4 15 0 0.0251 0.0328301 -0.00773009 34 0 34 2.86074 -0.252951
1994 HAK4 16 0 0.0312 0.0277789 0.00342109 34 0 34 3.82824 0.121385
1994 HAK4 17 0 0.0476 0.0232611 0.0243389 34 0 34 6.45807 0.941532
1994 HAK4 18 0 0.0335 0.0190742 0.0144258 34 0 34 4.5746 0.61495
1994 HAK4 19 0 0.0663 0.0734753 -0.00717528 34 0 34 6.82536 -0.160354
1995 HAK4 3 0 0.173 0.106576 0.0664235 22 0 22 11.4113 1.00966
1995 HAK4 4 0 0.1344 0.158321 -0.0239211 22 0 22 7.18753 -0.307361
1995 HAK4 5 0 0.0868 0.114047 -0.0272473 22 0 22 4.75737 -0.402056
1995 HAK4 6 0 0.0491 0.0809316 -0.0318316 22 0 22 2.75173 -0.547441
1995 HAK4 7 0 0.0759 0.0740626 0.00183739 22 0 22 4.75719 0.0329095
1995 HAK4 8 0 0.0608 0.0586744 0.00212559 22 0 22 3.97023 0.0424225
1995 HAK4 9 0 0.0229 0.0529594 -0.0300594 22 0 22 1.35964 -0.629558
1995 HAK4 10 0 0.0623 0.0449336 0.0173664 22 0 22 4.45027 0.393205
1995 HAK4 11 0 0.0375 0.0413713 -0.00387126 22 0 22 2.56403 -0.0911777
1995 HAK4 12 0 0.0543 0.0414851 0.0128149 22 0 22 3.89574 0.301426
1995 HAK4 13 0 0.0517 0.0385317 0.0131683 22 0 22 3.7677 0.320896
1995 HAK4 14 0 0.093 0.0334281 0.0595719 22 0 22 7.68905 1.55446
1995 HAK4 15 0 0.0294 0.0285201 0.000879899 22 0 22 2.195 0.0247943
1995 HAK4 16 0 0.0168 0.024168 -0.00736803 22 0 22 1.25865 -0.225037
1995 HAK4 17 0 0.0222 0.020286 0.00191396 22 0 22 1.78255 0.063679
1995 HAK4 18 0 0.0201 0.016766 0.00333398 22 0 22 1.68659 0.121795
1995 HAK4 19 0 0.01 0.0649371 -0.0549371 22 0 22 0.510651 -1.04571
1996 HAK4 3 0 0.1225 0.0940154 0.0284846 20 0 20 6.93876 0.436481
1996 HAK4 4 0 0.1991 0.131148 0.0679522 20 0 20 11.2401 0.900254
1996 HAK4 5 0 0.2293 0.164959 0.064341 20 0 20 12.3613 0.775284
1996 HAK4 6 0 0.1278 0.114823 0.0129775 20 0 20 6.79539 0.182044
1996 HAK4 7 0 0.0678 0.0775794 -0.00977936 20 0 20 3.65519 -0.163489
1996 HAK4 8 0 0.058 0.0647918 -0.00679175 20 0 20 3.25007 -0.123391
1996 HAK4 9 0 0.0198 0.0499545 -0.0301545 20 0 20 1.06731 -0.619024
1996 HAK4 10 0 0.0431 0.0420303 0.00106967 20 0 20 2.67997 0.0238401
1996 HAK4 11 0 0.0038 0.0350035 -0.0312035 20 0 20 0.21549 -0.759277
1996 HAK4 12 0 0.0206 0.0313186 -0.0107186 20 0 20 1.3067 -0.275209
1996 HAK4 13 0 0.0328 0.0306413 0.00215873 20 0 20 2.18222 0.0560166
1996 HAK4 14 0 0.0242 0.028354 -0.00415399 20 0 20 1.60324 -0.111923
1996 HAK4 15 0 0.0136 0.024617 -0.011017 20 0 20 0.904586 -0.317961
1996 HAK4 16 0 0.0151 0.0209267 -0.00582668 20 0 20 1.05924 -0.182045
1996 HAK4 17 0 0.0145 0.0176143 -0.00311428 20 0 20 1.0649 -0.105876
1996 HAK4 18 0 0.0079 0.0146165 -0.00671653 20 0 20 0.595547 -0.250285
1996 HAK4 19 0 0.0001 0.0576074 -0.0575074 20 0 20 0.00455706 -1.10378
1997 HAK4 3 0 0.2073 0.0871877 0.120112 21 0 21 14.3443 1.9511
1997 HAK4 4 0 0.1483 0.11376 0.0345398 21 0 21 8.70661 0.498493
1997 HAK4 5 0 0.1522 0.139322 0.0128784 21 0 21 8.34319 0.170428
1997 HAK4 6 0 0.1318 0.1579 -0.0260998 21 0 21 6.6167 -0.328
1997 HAK4 7 0 0.0544 0.108635 -0.0542351 21 0 21 2.60241 -0.798688
1997 HAK4 8 0 0.076 0.070171 0.00582895 21 0 21 4.5947 0.104573
1997 HAK4 9 0 0.0225 0.0543536 -0.0318536 21 0 21 1.25461 -0.643857
1997 HAK4 10 0 0.0259 0.0410224 -0.0151224 21 0 21 1.61873 -0.349395
1997 HAK4 11 0 0.0091 0.0329279 -0.0238279 21 0 21 0.569556 -0.611906
1997 HAK4 12 0 0.0179 0.0271834 -0.0092834 21 0 21 1.23734 -0.261607
1997 HAK4 13 0 0.0392 0.0240009 0.0151991 21 0 21 3.00598 0.45508
1997 HAK4 14 0 0.035 0.0230467 0.0119533 21 0 21 2.68309 0.365053
1997 HAK4 15 0 0.0154 0.0212575 -0.00585749 21 0 21 1.1336 -0.186093
1997 HAK4 16 0 0.0019 0.0184667 -0.0165667 21 0 21 0.137526 -0.563895
